version https://git-lfs.github.com/spec/v1
oid sha256:af4a521c90dc5a7af1ed7e0c229fcaf0c370a1fd2beb2fd1c6fdae727fecbd7f
size 3237
